{
 "cells": [
  {
   "cell_type": "markdown",
   "metadata": {
    "id": "AuGNyt3n69ci"
   },
   "source": [
    "# Методы оптимизации"
   ]
  },
  {
   "cell_type": "code",
   "execution_count": 8,
   "metadata": {
    "id": "EFSC9AOb4IbX"
   },
   "outputs": [
    {
     "name": "stdout",
     "output_type": "stream",
     "text": [
      "Requirement already satisfied: autograd in /Users/ivanmorozov/anaconda3/lib/python3.11/site-packages (1.6.2)\n",
      "Requirement already satisfied: numpy>=1.12 in /Users/ivanmorozov/anaconda3/lib/python3.11/site-packages (from autograd) (1.24.3)\n",
      "Requirement already satisfied: future>=0.15.2 in /Users/ivanmorozov/anaconda3/lib/python3.11/site-packages (from autograd) (0.18.3)\n"
     ]
    }
   ],
   "source": [
    "import matplotlib\n",
    "import matplotlib.pyplot as plt\n",
    "\n",
    "%matplotlib inline \n",
    "%config InlineBackend.figure_format = 'svg'\n",
    "\n",
    "from scipy.optimize import minimize, minimize_scalar, linprog\n",
    "\n",
    "!pip install autograd\n",
    "import autograd.numpy as np\n",
    "from autograd import elementwise_grad\n",
    "from autograd import jacobian\n",
    "\n",
    "from IPython.display import display, Math"
   ]
  },
  {
   "cell_type": "code",
   "execution_count": 9,
   "metadata": {
    "id": "gn0LFUKe2T4r"
   },
   "outputs": [],
   "source": [
    "def print_matrix(array):\n",
    "    matrix = ''\n",
    "    for row in array:\n",
    "        try:\n",
    "            for number in row:\n",
    "                matrix += f'{number}&'\n",
    "        except TypeError:\n",
    "            matrix += f'{row}&'\n",
    "        matrix = matrix[:-1] + r'\\\\'\n",
    "    display(Math(r'\\begin{bmatrix}'+matrix+r'\\end{bmatrix}'))"
   ]
  },
  {
   "cell_type": "code",
   "execution_count": 10,
   "metadata": {
    "id": "n6Sq69hi2T4s"
   },
   "outputs": [],
   "source": [
    "def print_result(method, result):\n",
    "    plt.figure(figsize=(10,6))\n",
    "    plt.plot(np.arange(len(result)) + 1, result)\n",
    "    plt.title(method, fontsize=14)\n",
    "    plt.xlabel('Число итераций', fontsize=12)\n",
    "    plt.ylabel('Значение функционала', fontsize=12)\n",
    "    plt.grid(True)\n",
    "    plt.show()"
   ]
  },
  {
   "cell_type": "markdown",
   "metadata": {
    "id": "5Yu6OOi6BWJu"
   },
   "source": [
    "# Метод Ньютона"
   ]
  },
  {
   "cell_type": "markdown",
   "metadata": {
    "id": "vvcP6bhP2T4t"
   },
   "source": [
    "**Метод Ньютона (МН)** ориентирован на решение задач минимизации $J(u) \\rightarrow \\inf, u \\in U \\subset H$.\n",
    "  \n",
    "$$ u_{k+1} = u_k + \\alpha (\\hat{u_k} - u_k),\\quad \\hat{u_k} = \\underset{u \\in U}{\\arg\\min} \\ m_k(u)$$ \n",
    "$$m_k(u) = J(u_k) + \\left<\\nabla J(u_k), u - u_k\\right> + \\frac12 \\left<J''(u_k)(u - u_k), u - u_k\\right>$$\n",
    "\n",
    "В классическом варианте МН: $\\quad\\alpha = 1$"
   ]
  },
  {
   "cell_type": "code",
   "execution_count": 11,
   "metadata": {
    "id": "-rnDOSn4BU3e"
   },
   "outputs": [],
   "source": [
    "def Newton(J, u_0, constraints, max_iter=100, alpha=1., tol=1e-6):\n",
    "    grad_J = elementwise_grad(J) #gradient\n",
    "    hess_J = jacobian(grad_J) #hessian\n",
    "\n",
    "    def m_k(u, u_k): \n",
    "        return J(u_k) + grad_J(u_k) @ (u - u_k) + (hess_J(u_k) @ (u - u_k)) @ (u - u_k) / 2\n",
    "\n",
    "    convergence_hist = []\n",
    "    u_k = None\n",
    "    u_k1 = u_0\n",
    "    iter_num = 0\n",
    "\n",
    "    while True:\n",
    "        if iter_num >= max_iter:\n",
    "            print('Достигнуто максимальное число итераций')\n",
    "            break\n",
    "        if u_k is not None and np.linalg.norm(u_k - u_k1) < tol:\n",
    "            print('Достигнут необходимый порог')\n",
    "            break\n",
    "        u_k = u_k1\n",
    "        u_argmin = np.array(minimize(\n",
    "            fun=lambda u: m_k(u, u_k1), \n",
    "            x0=u_k1, \n",
    "            method='COBYLA', \n",
    "            constraints=constraints, \n",
    "            tol=tol, \n",
    "            options={'maxiter': 100}\n",
    "        ).x)\n",
    "        #COBYLA (Constrained Optimization BY Linear Approximations) — это алгоритм минимизации,\n",
    "        #который используется для задач нелинейного программирования с ограничениями\n",
    "\n",
    "        u_k1 = u_k1 + alpha * (u_argmin - u_k1)\n",
    "        convergence_hist.append(J(u_k1))\n",
    "        iter_num += 1\n",
    "        \n",
    "    print(f'Сошёлся за {iter_num} итераций')\n",
    "    print(f'Значение функционала: {J(u_k1)}')\n",
    "    return u_k1, convergence_hist"
   ]
  },
  {
   "cell_type": "markdown",
   "metadata": {
    "id": "0TBe6jmJ2T4u"
   },
   "source": [
    "## Стандартные функционалы"
   ]
  },
  {
   "cell_type": "markdown",
   "metadata": {
    "id": "NKMFfXpyGFs2"
   },
   "source": [
    "Пример 1:\n",
    "$$ J(u) = \\left<Au, u \\right>  \\to \\inf $$\n",
    "\n",
    "$$J'(u) = (A + A^*)u,\\  J''(u) = (A + A^*)$$\n",
    "\n",
    "$$ U = \\{u \\in H \\ | \\ \\|u\\| \\leq c \\}$$"
   ]
  },
  {
   "cell_type": "markdown",
   "metadata": {
    "id": "4HyO__IU2T4u"
   },
   "source": [
    "Генерируем матрицу A:"
   ]
  },
  {
   "cell_type": "code",
   "execution_count": 12,
   "metadata": {
    "id": "I2Qwclt2FmsF"
   },
   "outputs": [],
   "source": [
    "n = 100\n",
    "a = np.random.randint(-100, 100 + 1, size=(n, n))\n",
    "A = (a + a.T) / 2\n",
    "A = A.dot(A.T)"
   ]
  },
  {
   "cell_type": "code",
   "execution_count": 13,
   "metadata": {
    "colab": {
     "base_uri": "https://localhost:8080/",
     "height": 220
    },
    "id": "jdubf7GO2T4v",
    "outputId": "571c5d07-03a7-401f-8d4d-40ec8722c936"
   },
   "outputs": [
    {
     "data": {
      "text/latex": [
       "$\\displaystyle \\begin{bmatrix}180411.75&5024.5&8066.0&-1102.0&12506.5&-4866.75&11186.75&12291.0&6001.0&-1075.0&-9519.5&40638.75&-30723.0&11666.0&-19596.75&19850.75&5694.75&32484.5&14088.25&-4115.25&10475.75&-825.5&20485.25&-37811.75&21975.0&301.25&-36016.0&-24055.25&-6136.25&-14297.0&-4934.75&13705.0&-13153.0&3057.25&21740.0&-13091.75&15519.0&22438.25&2287.75&19185.75&27513.75&8586.5&32313.0&-40677.75&-9716.5&-12878.75&-1316.0&-9037.0&-8873.5&-14231.25&13124.5&2841.5&-11042.0&12809.75&-8604.75&20564.25&-6765.0&8278.0&-14109.25&3617.5&10527.5&44856.25&4450.75&-22258.25&-17705.25&-2148.0&21342.25&6436.5&-14014.5&-19457.0&19629.5&22830.25&5824.75&-17754.0&-4381.0&18376.25&26741.5&23390.75&5322.25&-17333.0&-1051.75&28915.75&9348.5&-3204.75&32916.5&9915.25&1575.0&544.25&5966.25&18828.0&-29140.5&833.5&17600.0&8071.75&-13908.0&23437.5&7676.25&25207.5&-27043.25&-869.0\\\\5024.5&166173.5&15906.75&7675.0&8939.25&6820.25&-12658.75&258.5&-4732.5&-15519.0&-6620.0&-24831.0&20083.5&-15819.5&28116.0&-4976.25&22952.75&-4333.0&-11558.5&16957.5&10925.0&2152.75&2833.75&-49273.5&-24216.75&-6221.0&371.0&-8574.5&23327.25&12124.0&-1615.25&-18520.0&15184.25&-22000.25&11570.75&-19733.25&-8041.25&41618.25&-16609.5&22776.5&28291.25&23233.75&45218.0&-47262.0&-875.75&-49475.5&6668.5&-7480.5&-38060.25&12030.0&14720.5&6868.0&5511.25&49094.25&18449.5&7449.25&7837.25&28568.0&12983.75&-25979.5&13149.5&-13336.0&-39622.5&-13890.25&-1430.0&11189.0&-6478.75&45983.25&-2058.0&-5699.5&-17312.0&-23625.5&10974.0&-6928.0&-13843.75&15448.5&4500.0&4334.75&19570.0&17200.5&-1401.5&577.75&14633.25&-1618.25&-11281.5&9548.0&20391.0&-12968.25&104.0&9403.0&-13698.75&23948.0&3215.25&-4828.0&7334.75&8392.5&15848.0&-13838.75&17195.5&14138.75\\\\8066.0&15906.75&176024.0&-3231.75&-12021.0&9250.0&-24808.5&-10811.75&-4871.75&4659.75&-28578.0&9744.25&-15949.25&13782.75&5259.5&-20928.25&39532.75&-14028.0&14238.75&-19917.0&-13404.75&10213.25&-5624.5&2916.75&17791.75&-1710.75&20809.25&4312.5&4890.5&-3095.0&5769.5&-2545.75&8065.25&-35673.5&7851.5&19747.25&11526.5&-9711.25&3334.0&35141.0&1770.25&-16033.0&5384.5&-3297.5&2545.25&-5105.0&8844.5&-28860.5&-11911.75&3205.25&-4552.5&-20247.5&10609.75&6205.0&-7158.25&-12754.25&-20363.5&6466.5&29741.0&-19625.0&-2870.75&23014.25&-677.75&10564.25&9246.0&-402.0&3524.25&1993.25&-19434.75&23357.0&-16140.5&6089.75&9369.5&4422.0&25010.75&-18484.0&15383.5&-825.5&-11771.25&-37584.25&-21258.25&-8348.5&11854.25&-21838.75&-8895.0&33985.5&-189.25&-6496.75&-27681.0&-35524.5&7127.25&3488.5&31947.75&-5276.5&18376.75&-9331.0&-7794.5&36670.5&-35895.5&1954.5\\\\-1102.0&7675.0&-3231.75&170418.5&16293.75&5785.25&-14889.0&14035.25&22887.25&119.75&7545.5&-9408.75&-6767.0&-5362.0&21014.75&-9695.0&-12644.0&10268.75&4246.75&1606.5&-34431.5&1811.25&15591.25&39388.25&13110.5&8314.0&13552.75&-22725.75&-8386.5&-14129.75&-13160.5&-16868.5&-9829.5&23401.0&-18309.0&-22715.25&1639.75&29906.25&-4821.25&-14702.25&8570.0&-7533.5&14816.25&10702.25&11908.0&16248.0&-5890.5&-3070.5&-29659.0&16800.0&-3032.5&16500.25&-7200.5&-7392.75&28551.25&-24424.25&-28229.5&-37647.0&39483.5&-3693.5&-8491.0&-28227.5&15291.0&-6249.75&-7428.0&-7648.25&-1201.5&-3707.25&-5619.75&7393.25&-11729.0&8390.5&1027.75&-14368.0&4123.5&-8656.5&6635.75&-21024.0&-1003.75&34242.5&20312.75&14256.5&13328.25&-471.25&898.25&4279.0&1728.25&-10229.5&-5539.25&-12028.75&8477.25&-14159.75&2044.25&37039.0&-19261.75&25096.5&26800.75&-36287.5&11537.25&36876.25\\\\12506.5&8939.25&-12021.0&16293.75&164083.75&2230.75&10135.25&393.25&3306.25&-16328.75&20529.75&16688.5&-5110.25&-9711.0&-9755.25&22203.25&52571.5&-23811.75&-12435.0&-5285.0&-13110.0&-16399.25&-15099.25&-37219.75&-22055.25&-5681.75&-10510.0&-14787.75&4911.0&45634.5&5806.25&22012.25&-1587.0&31248.5&-21028.25&-19220.5&4052.25&874.0&-712.25&-3827.0&-6802.0&-1917.75&-6440.0&-13935.75&-20106.25&-2194.5&6412.5&19463.0&-39595.5&1886.25&14056.5&-26763.0&-2735.0&16151.25&-8179.75&9189.0&-3868.75&-17369.75&-3916.0&-13335.75&-30981.25&-19411.0&12386.0&-18133.0&9300.25&-156.5&47943.25&-22368.75&-39360.5&-1991.0&17771.0&3919.0&-15363.25&-32949.75&-12926.5&-3161.75&-485.5&-18001.0&-8283.25&10051.0&-9506.75&43679.0&-2909.0&-22885.5&13178.75&8971.5&-33821.75&-15732.25&-28991.25&8225.25&-22725.0&-29679.0&-1084.5&34.5&5129.25&11074.0&7935.75&5415.5&-5012.25&-7208.25\\\\-4866.75&6820.25&9250.0&5785.25&2230.75&171431.5&-6333.25&2466.5&4502.75&32918.5&4453.75&-2894.0&-40770.5&-15989.25&-851.75&796.0&3946.5&3507.5&-44654.5&2539.0&-7114.25&-3993.75&-4191.0&-14064.75&-3558.25&-4883.0&33529.5&-5725.0&33147.5&8455.25&18345.0&-33148.5&12367.0&-15865.25&-19187.0&14973.25&-18004.0&-26048.5&20593.25&21724.75&29794.5&18700.5&-3624.0&-17274.0&-17317.75&-7212.25&20427.5&-9313.5&23038.0&26597.75&32434.75&-19617.75&-144.75&-15983.25&28343.75&17620.75&-3966.0&-633.5&32131.5&-7717.0&-1863.75&-20993.75&-1020.5&50421.0&11399.0&11783.75&-2378.0&1183.5&-30841.75&8056.75&19745.75&-833.5&11662.5&-9821.5&4172.25&16134.25&-28052.75&17556.0&14160.75&25994.25&-6441.75&16886.75&-10051.75&16268.75&-3028.5&4702.5&3322.75&-18530.5&-10802.75&4013.25&36844.0&-618.5&2266.5&24519.25&42683.0&8584.0&58.75&2976.5&-843.75&-2526.0\\\\11186.75&-12658.75&-24808.5&-14889.0&10135.25&-6333.25&164644.5&-73.25&-1908.25&-33331.25&28641.25&27220.25&-24011.5&15733.0&-3342.5&9154.25&-26256.25&-12513.0&8281.25&-9871.25&1887.0&36770.5&3413.5&-18704.75&13235.75&12921.75&1077.75&-25107.25&-9076.5&-3197.25&7080.0&13483.25&-20311.25&-5193.25&-14914.0&5653.75&2591.25&-7182.0&1664.75&5639.75&-12227.5&27928.5&1813.5&-5019.25&-4343.75&-17615.0&-323.0&-14201.5&-7049.25&11903.75&3585.75&5262.0&4728.25&9343.5&4555.5&9172.5&-3211.5&13802.0&-22914.5&18675.25&-22055.0&-4471.5&-22678.25&-15064.5&15088.75&-37367.25&-2387.0&6172.25&21050.75&17586.5&19594.75&-146.75&5012.0&-14715.0&-16311.25&-10266.25&12649.0&-9622.5&-3268.0&31043.5&-10986.25&38306.25&643.5&5445.0&-7436.25&-8524.25&35241.25&-4951.75&-5582.5&11250.75&-4602.0&3070.75&10713.5&14803.0&11109.5&33483.0&-6098.75&-5686.75&17809.25&6958.25\\\\12291.0&258.5&-10811.75&14035.25&393.25&2466.5&-73.25&148776.25&28074.0&9997.75&-22408.5&-14928.25&24696.5&5876.5&13554.25&20138.75&-33349.0&3233.25&3540.5&7889.0&25186.5&-11815.5&399.5&-2312.5&-17555.25&7600.25&-24962.75&-27990.75&-2620.5&-13240.5&-3546.25&7746.0&-17657.75&3033.0&-26394.25&-17663.5&2314.25&16480.75&1994.0&-51963.25&-766.75&-17373.25&1401.0&-8766.5&-4590.0&106.25&-20718.75&23152.0&29676.25&-1106.0&-29310.25&9069.5&-27327.5&7680.75&-32022.0&5082.0&-7475.0&-25018.25&-1074.5&14910.25&16809.75&-5261.0&25374.25&-19087.5&-6263.25&-15733.75&701.0&19726.75&-8875.75&1897.0&-795.5&-4922.5&17610.25&-11023.5&-32278.75&6090.25&20204.75&-3087.25&-12975.5&-17055.25&8909.0&-6127.0&32684.75&-3244.25&-38391.5&-5594.25&-2801.0&-19602.25&-30468.0&10920.0&15977.75&15634.75&-22338.5&17125.0&7715.25&-12915.0&8013.75&-9896.75&5974.25&4984.75\\\\6001.0&-4732.5&-4871.75&22887.25&3306.25&4502.75&-1908.25&28074.0&174142.75&-18206.75&-4927.5&6699.75&13903.0&7822.5&16205.25&-12801.75&-5245.5&3053.25&-7124.0&-9286.25&-16910.25&8235.5&-12851.75&7832.5&7116.5&21859.5&-6209.75&3948.75&-5406.0&6153.25&4295.0&7252.75&-17039.75&22851.25&-18341.75&-4660.5&16953.0&3476.0&-11085.0&-35952.0&-4632.5&27654.25&-15425.5&-4596.0&-26297.5&21089.0&29166.25&11861.0&-24167.5&-3408.25&19945.75&-16326.0&39433.75&10363.75&-21364.75&-14756.0&-582.25&-17361.0&2463.75&464.0&6239.0&-5599.0&-52.25&2530.25&-16270.25&-27174.75&-13684.25&11018.75&-15323.5&14124.75&-12122.25&-6016.0&10127.25&-16565.25&-11511.5&-16540.0&9962.5&-18494.75&-18087.25&-16549.75&-24033.75&-7211.25&25119.0&-38205.0&-24219.25&-24551.5&2042.25&-3076.5&4280.75&10470.0&6762.5&-674.5&7095.25&22014.5&21229.5&-10960.75&13047.0&8354.5&-3447.25&28011.25\\\\-1075.0&-15519.0&4659.75&119.75&-16328.75&32918.5&-33331.25&9997.75&-18206.75&161952.5&19710.0&-7872.75&-12548.25&-8487.5&-11041.5&-3594.25&-13510.5&8207.75&-23440.5&-4909.5&6638.75&-21680.0&2106.5&-17243.0&-27141.25&-22150.25&-1081.75&6025.5&12785.0&2573.5&-2884.5&-46361.75&-16669.0&18716.25&12363.5&-2695.25&10261.5&-38264.5&3176.75&15854.25&23029.75&-32649.25&14685.75&29479.5&10559.25&11499.0&32145.75&19031.0&18625.75&5912.25&-16664.75&11147.75&-2296.0&-16516.25&-8519.25&27101.5&13314.75&-35679.5&31577.5&-18772.5&9852.0&11868.25&-22103.25&-15599.5&-10662.5&30232.0&-13304.0&-657.0&-5394.0&-30209.75&32193.25&2232.75&27868.75&7877.5&-33336.0&5799.5&-2057.0&27146.25&-13081.5&12873.5&11134.25&-15008.0&-9213.25&18733.5&-11278.25&23789.5&-2862.25&7939.5&-27053.0&4348.25&19170.5&9293.25&8921.75&-8560.25&-17350.25&10174.25&7488.0&-4532.0&-10983.5&-24144.5\\\\-9519.5&-6620.0&-28578.0&7545.5&20529.75&4453.75&28641.25&-22408.5&-4927.5&19710.0&144317.75&-5174.25&-1843.5&-13273.25&-20097.75&-6204.25&11611.25&-14214.75&-7172.75&21313.75&13092.25&-1608.5&8672.25&785.25&9877.25&-15699.25&-7591.0&-2259.5&-13219.75&-6549.25&11848.5&-8879.25&11267.0&26739.25&14486.5&-9888.75&-9367.75&-6470.0&-35617.75&11246.75&23402.5&-14358.5&-2499.5&-857.5&-1447.0&5584.0&11275.25&-3672.0&-10391.75&-9827.0&15767.0&29031.0&10355.0&7198.75&14686.25&18355.25&-12486.25&-15853.25&7136.0&-12525.0&-17388.25&-14387.75&-2130.5&4085.0&-11749.25&-5575.25&27693.5&10571.75&15589.25&1172.25&32006.25&13295.0&3713.0&-8257.0&-44453.5&215.25&1820.75&-16853.0&6987.5&10330.75&-6092.5&25729.75&-3476.5&25864.25&17935.5&-29951.75&16881.0&18305.5&1013.25&24017.5&-8890.0&-4702.25&10794.75&6791.25&10754.75&27133.75&-2589.0&3461.5&-6651.75&4856.25\\\\40638.75&-24831.0&9744.25&-9408.75&16688.5&-2894.0&27220.25&-14928.25&6699.75&-7872.75&-5174.25&153452.75&-14749.25&2959.0&8991.0&1435.5&-7693.5&-9668.5&20662.5&15278.5&-23793.0&20016.5&6834.5&-26010.25&1106.0&14326.0&5521.75&-8456.25&15721.25&-898.5&-252.5&27265.5&-3667.75&-10207.25&7613.0&-5146.75&20428.5&-12640.25&12931.75&26116.25&-35379.75&15895.5&9782.25&18959.0&-18615.5&136.25&11175.5&-20057.75&15192.5&-15318.0&-10442.0&-15781.75&25295.0&-16905.75&6883.25&4473.25&-3829.5&27165.0&-7737.5&-6771.75&-16879.0&14562.0&-7258.5&3254.25&-24741.75&-761.25&23033.25&-14171.0&-14333.75&1345.5&34682.0&-1399.0&2159.75&13524.25&5565.0&14877.25&15265.75&-263.25&21463.25&-6542.25&-17117.5&845.75&14896.25&7388.5&5172.5&10734.5&-27827.5&-1493.75&29080.75&12613.25&-4034.0&-7900.5&-6386.25&3104.0&26060.25&8476.25&1402.5&-11614.75&-13931.5&-23829.25\\\\-30723.0&20083.5&-15949.25&-6767.0&-5110.25&-40770.5&-24011.5&24696.5&13903.0&-12548.25&-1843.5&-14749.25&196818.75&-23723.25&-862.75&8609.5&16944.25&-11112.0&18256.25&13335.5&2807.0&-5455.5&1621.0&-9441.0&-4770.75&16917.5&-5915.25&23916.75&15216.75&936.75&-21872.0&19817.25&8234.25&28465.5&-5852.75&18503.75&6005.5&6593.75&-32832.75&-33929.0&11262.75&-26788.25&-8821.5&-4850.0&-15340.75&1462.5&1257.75&12594.0&-12075.25&-444.5&-23911.25&33848.0&14133.25&12320.75&4812.0&-2432.5&20398.25&11030.0&-24272.0&17030.75&-3371.25&-8512.0&6070.25&-10168.75&-16693.5&11304.75&-21853.0&7687.25&-33045.0&9560.25&-20609.5&-4874.75&15191.75&10536.5&-22923.0&49042.25&4255.5&-28507.5&-4585.0&5629.25&-19977.5&-36184.0&33913.5&-36466.75&-5174.75&-7263.0&-4354.5&37368.0&-742.75&1651.0&5056.75&14685.0&-18103.0&-35637.75&-12142.75&33413.25&-5839.25&1997.75&-18682.5&9350.75\\\\11666.0&-15819.5&13782.75&-5362.0&-9711.0&-15989.25&15733.0&5876.5&7822.5&-8487.5&-13273.25&2959.0&-23723.25&165787.75&-27921.75&-16263.75&-38987.25&24107.5&14187.25&-5382.25&-22452.75&-5066.0&15299.5&4962.25&30738.0&23701.25&10224.0&-5131.0&-31787.0&37897.5&310.25&25411.5&-13741.25&-10499.0&13777.5&-20488.5&-5668.75&33720.0&15012.75&-5782.5&6233.5&17011.75&15271.0&917.25&-18890.0&-13669.0&5515.0&10824.0&-44791.0&12131.0&19307.0&-28063.25&8535.5&-14628.75&-5106.5&-26497.0&-34941.0&-4389.25&-5181.25&-10946.5&-12406.25&8170.5&-11699.25&-25282.75&15730.5&3195.25&-21601.25&-26889.5&1956.25&-17611.25&2959.0&23667.25&22020.0&-8493.0&19547.0&-43494.0&-5105.75&9541.25&26110.25&12354.75&-3671.25&18597.5&-248.75&-32904.25&18009.0&-33207.25&-14585.0&-21923.0&-15495.25&-5847.5&-10563.5&-999.75&14639.0&40424.25&12935.5&16436.75&20270.0&24661.75&850.75&4830.25\\\\-19596.75&28116.0&5259.5&21014.75&-9755.25&-851.75&-3342.5&13554.25&16205.25&-11041.5&-20097.75&8991.0&-862.75&-27921.75&166784.25&-4829.0&-16053.0&-14256.5&1005.5&24927.0&-12873.75&1961.25&-4938.75&-9839.25&-28341.25&16110.0&11668.75&-9428.5&10972.25&-11776.25&762.25&-1289.5&-19419.75&1077.0&-22947.25&-11486.25&838.25&2580.5&566.0&-10610.25&-12734.0&20005.5&-12973.0&6919.75&10932.25&-17088.25&-5030.75&-18888.75&12979.25&-2782.25&-9044.5&848.5&-14233.25&-3571.25&23405.0&-20111.0&-22066.25&26858.75&6090.5&-9824.25&19368.5&-13901.25&23783.25&-3978.75&17144.25&12236.75&-2552.5&36447.0&-4317.0&-8432.25&-14517.5&-23578.5&-18700.75&24084.0&2246.5&29018.75&19857.0&12500.0&-1187.0&-38511.25&-3228.0&-2471.5&15441.25&-13445.5&-46240.0&-1371.5&-15278.25&-22741.25&11218.25&-25681.0&-14913.0&-4195.75&13155.25&-976.5&27881.25&31742.75&7115.5&-25534.25&-13847.75&-6891.75\\\\19850.75&-4976.25&-20928.25&-9695.0&22203.25&796.0&9154.25&20138.75&-12801.75&-3594.25&-6204.25&1435.5&8609.5&-16263.75&-4829.0&151035.5&-3693.75&-16729.5&8654.5&-16447.75&-2712.75&-10269.5&9385.5&3823.25&-28565.75&3344.75&-17761.0&440.25&6517.0&-13036.25&5765.5&5285.0&2286.75&-8086.75&-2717.5&16031.5&6336.5&19006.0&22035.5&-21507.75&15525.0&-36229.75&5196.0&-9942.25&13884.0&7591.75&-10834.5&5121.75&-6268.0&-13560.25&2032.25&30091.0&-6857.0&5666.75&15566.0&9200.75&6778.5&-23859.0&20376.25&31438.5&-15905.5&8317.75&28824.25&-6876.25&3596.0&6487.75&23878.5&16538.75&-4063.75&-11144.5&19003.75&-21817.0&27251.0&-5688.5&1184.75&-7335.5&18188.25&-3044.0&-560.5&17937.25&-18647.5&1852.0&-5472.75&-6725.75&-10039.5&21023.0&-21285.0&-13886.5&4981.0&1319.5&2574.75&-917.75&8552.25&2646.0&30167.0&-14798.25&1398.25&-6618.0&-1239.75&-4505.75\\\\5694.75&22952.75&39532.75&-12644.0&52571.5&3946.5&-26256.25&-33349.0&-5245.5&-13510.5&11611.25&-7693.5&16944.25&-38987.25&-16053.0&-3693.75&217820.5&4992.75&3119.5&-16533.5&28339.25&-24520.0&-57099.75&-28505.75&6997.5&13354.25&-12058.5&21784.5&-10306.75&14196.25&-15125.25&-15944.5&-3311.0&-1974.25&16493.5&3932.25&14845.75&-30340.25&-15956.25&32154.75&-2216.5&-948.0&-9.75&-28813.5&3201.5&-20382.0&-13066.0&7497.5&-17452.0&15888.0&-18624.25&-16885.25&22851.75&28312.25&20046.75&30300.5&14863.25&18858.25&8901.0&-3723.0&9333.75&-23783.25&-16450.75&-15194.0&-8697.5&21831.5&3517.75&4287.75&-49266.5&1755.25&-17537.25&5214.0&-51424.75&-18242.75&29265.5&774.25&-27070.75&-19588.75&9337.5&-7945.0&-29620.75&1019.25&5786.0&-38058.0&-24295.5&42616.25&24243.75&6094.75&17903.25&6887.0&-12781.25&19044.5&-29569.5&-14073.25&-11125.0&-44414.0&-1399.25&23606.5&5614.25&-34846.75\\\\32484.5&-4333.0&-14028.0&10268.75&-23811.75&3507.5&-12513.0&3233.25&3053.25&8207.75&-14214.75&-9668.5&-11112.0&24107.5&-14256.5&-16729.5&4992.75&182405.25&-1179.75&-7357.25&2334.25&-18191.5&7780.75&-6040.5&16587.0&3930.5&-17085.0&-385.5&-24501.75&-16982.75&18443.25&-26016.25&-9232.5&-24709.25&12027.0&-40757.5&6568.75&-18074.25&-31258.0&-28173.25&18049.25&-12907.75&15765.25&-27588.5&-11279.5&5604.75&-22574.0&8448.5&5498.0&-9604.0&8463.75&14243.5&2182.25&4095.0&-5744.25&-4756.5&3108.0&-60843.75&4751.75&9063.25&27720.0&-5488.75&-11495.25&5150.0&-10666.0&-8644.25&-32505.25&-199.75&5317.0&24006.0&3735.0&23145.5&-11728.25&8123.75&9927.5&-42784.5&-3842.5&37614.75&42473.75&13789.0&30665.0&-3216.0&-13990.75&-8492.5&16706.5&-7187.0&4833.0&-1493.75&17034.0&-15775.5&11215.75&15612.0&-8154.0&44583.75&692.5&23125.0&11599.75&-21110.0&5485.25&3397.0\\\\14088.25&-11558.5&14238.75&4246.75&-12435.0&-44654.5&8281.25&3540.5&-7124.0&-23440.5&-7172.75&20662.5&18256.25&14187.25&1005.5&8654.5&3119.5&-1179.75&139976.75&10416.5&1339.5&6679.0&-20498.75&3695.0&7927.5&21697.0&-3495.0&15424.0&-7479.5&-8006.5&-17492.0&18638.25&-5796.5&3455.5&-2334.75&1382.0&10201.25&-1766.75&-11471.0&6650.25&-20688.5&4514.0&-7377.75&27240.0&-7986.25&-6314.5&8603.75&-15901.5&-6060.75&-2603.5&-37445.0&15706.0&-1688.0&-3249.5&10041.25&-581.75&-1516.5&25749.0&8601.25&12772.0&-33596.5&1267.75&-12737.75&-27912.0&26318.5&-10525.25&4084.0&-15700.0&11926.5&16023.5&-13273.0&1911.0&-173.5&30015.75&18704.25&237.0&21230.75&-41603.25&12229.75&-15644.25&-6521.25&9873.0&-6999.5&-8608.25&-13754.5&-3464.25&694.5&-434.75&22815.75&-43210.0&-11937.0&7348.0&-21875.5&13462.0&461.25&4094.0&10170.25&-18594.75&17118.0&-3673.5\\\\-4115.25&16957.5&-19917.0&1606.5&-5285.0&2539.0&-9871.25&7889.0&-9286.25&-4909.5&21313.75&15278.5&13335.5&-5382.25&24927.0&-16447.75&-16533.5&-7357.25&10416.5&158894.5&4645.75&-5525.25&8380.0&-37460.5&-4210.75&-6893.0&-1052.5&-15464.5&-2361.0&12309.75&-10188.75&13541.25&34601.5&6283.75&445.5&-5624.25&-13421.0&15234.25&11313.75&29572.5&-36420.25&12678.75&7717.5&-7943.25&-34119.25&-11651.75&3906.5&-2411.75&14160.25&498.25&12921.25&3653.25&9456.25&11724.0&26603.75&-3950.0&-2951.5&660.0&-6475.25&-6139.5&-11529.75&1654.75&-12443.5&11746.0&-24583.25&-6378.75&2043.5&-17833.25&8122.25&12655.25&1066.75&2229.5&-29036.0&26201.0&421.5&19974.0&-838.5&621.0&8319.5&-9229.0&-26026.25&24948.0&-20331.25&7696.0&7755.25&-51303.5&-13483.25&3500.0&293.25&-9002.0&160.5&-3997.5&-9420.5&-1419.5&2270.25&20632.25&1744.0&-39603.25&-2906.25&10818.5\\\\10475.75&10925.0&-13404.75&-34431.5&-13110.0&-7114.25&1887.0&25186.5&-16910.25&6638.75&13092.25&-23793.0&2807.0&-22452.75&-12873.75&-2712.75&28339.25&2334.25&1339.5&4645.75&160098.0&-9691.25&-32687.0&-39659.75&-2332.25&16907.5&-10144.75&16301.0&9989.25&-30135.0&15653.0&7916.0&12008.0&-2482.5&22733.75&3506.0&-5139.5&-7899.75&-638.0&-18612.25&2283.5&-14316.0&1204.75&-6295.5&1490.75&10630.5&4923.25&17404.75&27638.75&-2861.75&-11865.0&5681.5&-21358.25&3729.75&-13065.5&35229.0&21599.75&3589.75&-45933.5&-655.0&21749.75&-7729.75&-10936.5&505.0&24635.25&15822.5&-17247.75&16180.5&-11249.0&-24954.5&16566.0&-3695.25&-34410.75&-13600.5&-4899.75&16637.25&-17689.25&6326.25&-10097.0&-15925.0&19646.25&-7878.5&-17103.0&15212.5&-19942.0&11653.75&10312.5&-8606.5&8157.0&16989.75&17954.5&-7032.25&-23454.75&-21153.25&-1913.0&3286.25&1694.5&-4506.0&24538.5&6177.0\\\\-825.5&2152.75&10213.25&1811.25&-16399.25&-3993.75&36770.5&-11815.5&8235.5&-21680.0&-1608.5&20016.5&-5455.5&-5066.0&1961.25&-10269.5&-24520.0&-18191.5&6679.0&-5525.25&-9691.25&137916.0&2526.0&9204.75&12672.5&-6296.0&6024.5&-7345.25&12593.5&-15632.25&12532.0&25501.25&11095.25&-21867.75&-12004.25&1925.5&-1983.0&-27183.25&1621.75&3943.0&-63.0&42586.0&-7265.75&7981.0&20512.0&5882.5&-7503.0&-10455.75&-9581.0&-6900.5&-20148.5&-8466.25&-7579.25&-4523.5&-846.0&6893.25&18845.25&8852.25&-6039.75&16101.0&-156.5&10113.5&-11436.0&-10953.75&-4242.75&-16744.0&-907.0&13324.25&27023.25&34548.25&18936.25&5250.25&520.5&12303.0&10066.5&-5787.25&9122.0&-23517.75&-13011.75&1940.75&8411.5&14452.5&-18817.25&29112.5&9101.25&-3057.0&-891.0&10448.25&-11129.0&8556.75&-19377.5&7910.5&6725.5&-331.75&14941.5&-712.25&-15400.25&-18501.75&4130.0&6379.0\\\\20485.25&2833.75&-5624.5&15591.25&-15099.25&-4191.0&3413.5&399.5&-12851.75&2106.5&8672.25&6834.5&1621.0&15299.5&-4938.75&9385.5&-57099.75&7780.75&-20498.75&8380.0&-32687.0&2526.0&150771.5&34235.0&7659.75&-32223.0&19042.0&-32455.25&-27653.0&11555.75&493.25&8640.25&-28737.0&-1390.25&-5506.5&930.5&1249.0&18945.75&-7337.25&27435.5&23301.25&-1338.5&8606.5&-25410.0&30706.75&10576.0&6549.5&-17122.5&-15198.75&-9833.75&24127.25&32738.0&-8506.0&-20546.25&-2830.0&2736.0&-25158.25&-9877.0&19240.25&-13608.0&-10143.25&2781.5&-1863.5&14032.25&-10610.75&-29332.5&32351.0&13397.0&-24454.25&-9000.0&702.5&-6715.25&31156.75&19319.0&-54880.25&-2268.75&-628.0&2526.25&6735.25&6102.0&9725.0&14031.0&27643.25&1078.25&32169.75&4460.5&-1275.75&20892.75&-12845.5&15776.0&-10870.75&-3422.5&18530.5&3834.25&-9320.75&15727.0&-15146.0&4061.0&6344.5&9081.25\\\\-37811.75&-49273.5&2916.75&39388.25&-37219.75&-14064.75&-18704.75&-2312.5&7832.5&-17243.0&785.25&-26010.25&-9441.0&4962.25&-9839.25&3823.25&-28505.75&-6040.5&3695.0&-37460.5&-39659.75&9204.75&34235.0&195770.0&10372.75&-32006.25&35436.0&9613.5&-16738.5&-39500.5&-2569.75&-15906.75&-27579.0&-12548.0&1181.75&-10121.25&2000.25&1833.75&-6850.0&-10609.5&419.5&-24567.25&-22699.25&44405.5&31134.25&23417.0&-7702.75&1368.25&22969.0&-16138.5&26400.25&-8540.75&-34672.0&-31917.75&5387.25&-43061.75&-10211.0&2601.25&22619.25&20710.5&-10382.75&-8482.0&14718.75&6390.25&-4901.5&-25719.0&-11261.0&-6236.25&20370.25&2395.25&-26112.75&-24054.25&24336.25&-5035.75&40066.5&-28953.0&-44447.5&-6998.0&5379.25&-10102.25&23787.0&-18530.5&-4895.5&5187.5&-6137.25&-8429.25&-19736.0&22337.0&-6132.25&-4448.25&-6668.0&2785.25&2066.75&15482.5&-5391.5&-27995.75&-9126.0&13358.75&1278.75&23878.0\\\\21975.0&-24216.75&17791.75&13110.5&-22055.25&-3558.25&13235.75&-17555.25&7116.5&-27141.25&9877.25&1106.0&-4770.75&30738.0&-28341.25&-28565.75&6997.5&16587.0&7927.5&-4210.75&-2332.25&12672.5&7659.75&10372.75&135823.25&-6037.0&2172.75&18656.0&-26105.5&-5512.25&-4588.0&24327.25&-5628.25&1815.75&7950.5&-824.0&25106.75&4562.5&-19188.25&9248.0&-12969.0&15046.5&-10354.5&7867.75&-1784.75&12782.0&-6368.25&-594.5&-6622.25&-16959.0&1315.25&-6599.25&4257.25&-2189.5&16589.25&1564.0&-11865.0&7445.0&19863.25&27224.75&-14034.75&22333.5&10924.5&-13820.0&1500.25&-23216.75&26654.75&-8415.75&-16958.5&-9544.25&-826.25&22789.0&-8431.0&-17251.0&32291.0&3258.25&14355.25&-7310.0&16401.75&19276.25&24875.75&-7633.5&16503.5&-2760.5&8484.0&-28661.5&25671.25&4789.5&13338.0&17105.25&3374.5&1157.5&-7051.0&18613.25&8908.0&22779.0&-2291.75&-9824.0&34839.5&6437.75\\\\301.25&-6221.0&-1710.75&8314.0&-5681.75&-4883.0&12921.75&7600.25&21859.5&-22150.25&-15699.25&14326.0&16917.5&23701.25&16110.0&3344.75&13354.25&3930.5&21697.0&-6893.0&16907.5&-6296.0&-32223.0&-32006.25&-6037.0&156138.75&16695.25&48417.5&8740.25&18073.5&4323.5&-24422.75&-26964.0&19471.75&6159.75&10094.25&42146.75&2503.25&10508.0&-31418.5&-19771.25&-4359.25&-7419.0&-22034.25&-14561.5&-4895.75&9670.25&-16994.5&-18518.75&25763.25&-16697.0&-8654.0&3855.5&28463.25&32936.5&-12062.0&11361.25&5504.0&-26956.75&11103.25&1241.25&4184.75&7416.0&-15786.0&16446.25&28654.75&-19259.5&-17650.25&4584.0&1275.25&-21302.25&8648.75&-45186.0&-19698.0&-9587.5&7842.0&-11129.0&-7906.5&3394.25&-12037.5&-48301.0&18455.75&25612.0&-19294.5&1874.75&1210.75&-20303.75&-25157.5&16190.5&-24991.25&4269.25&-2329.75&7046.75&33819.0&2577.75&14766.75&1502.25&-1658.75&19402.25&-6408.75\\\\-36016.0&371.0&20809.25&13552.75&-10510.0&33529.5&1077.75&-24962.75&-6209.75&-1081.75&-7591.0&5521.75&-5915.25&10224.0&11668.75&-17761.0&-12058.5&-17085.0&-3495.0&-1052.5&-10144.75&6024.5&19042.0&35436.0&2172.75&16695.25&156926.0&33530.25&-15444.5&2111.25&4740.5&-9300.5&-3485.75&-18399.75&-1950.5&13440.0&-6142.25&-28827.75&-7781.25&4610.5&-13696.5&-5895.0&12411.25&-13049.25&14856.5&28219.0&15684.75&-20400.25&-5683.0&7247.75&24502.5&-12594.5&-10837.25&-1886.25&34399.5&-5845.75&-13878.5&32978.25&17024.25&-4850.0&16724.75&81.0&-13937.0&21125.75&7280.75&10558.75&-17438.75&-27047.75&-15673.5&10737.25&-11052.75&-2734.0&-23767.25&-153.25&2079.0&5645.25&-41295.75&12362.5&15159.5&2461.0&-9141.5&7294.5&-13498.5&3407.0&-12568.5&1089.75&-16856.75&1291.5&20448.5&-26141.75&2882.25&-16679.25&2804.0&26041.0&-6036.25&9503.25&-16.25&-30049.0&32810.0&-10062.5\\\\-24055.25&-8574.5&4312.5&-22725.75&-14787.75&-5725.0&-25107.25&-27990.75&3948.75&6025.5&-2259.5&-8456.25&23916.75&-5131.0&-9428.5&440.25&21784.5&-385.5&15424.0&-15464.5&16301.0&-7345.25&-32455.25&9613.5&18656.0&48417.5&33530.25&192250.25&17092.75&6776.25&27717.25&3322.5&12305.75&-9736.5&20914.5&19030.25&37445.5&-23444.75&-7693.25&-39801.75&-17893.5&-32117.0&9486.25&1512.0&4538.5&18541.75&35392.0&12724.0&-13841.75&16275.0&-13540.25&-3891.25&329.5&34110.25&-9243.5&-31980.5&11770.5&25290.75&-15791.5&-3184.75&-25133.5&-5384.75&8448.25&1721.0&33777.75&18764.75&-15742.0&-15763.0&-40024.25&-21868.0&-36951.75&28606.5&-11161.0&-13932.75&34783.75&-9909.25&3657.0&-28754.75&-8347.0&28373.75&8886.25&-16386.25&553.25&-16676.0&-22303.25&4198.25&-38914.75&-13296.25&40711.5&-23558.25&30117.5&2632.0&-10561.75&-12396.25&9919.75&611.25&-55439.5&-6789.5&19081.0&-13653.25\\\\-6136.25&23327.25&4890.5&-8386.5&4911.0&33147.5&-9076.5&-2620.5&-5406.0&12785.0&-13219.75&15721.25&15216.75&-31787.0&10972.25&6517.0&-10306.75&-24501.75&-7479.5&-2361.0&9989.25&12593.5&-27653.0&-16738.5&-26105.5&8740.25&-15444.5&17092.75&166947.0&-1146.0&-1287.25&4557.75&12502.75&-3659.25&-6857.5&22989.25&-28461.25&15527.25&1380.0&5228.25&13899.5&-3474.0&-13039.75&30451.25&-7375.0&2377.25&12394.25&5325.75&7370.25&16675.5&-16936.25&10544.25&-20043.5&10023.0&16374.0&-34212.75&10208.75&21256.75&-15404.0&-28028.25&13864.75&-682.0&-2741.0&35818.75&15388.0&-22255.0&12491.5&370.0&-19570.5&-577.5&17122.0&2741.0&13259.5&19804.5&7298.25&10560.5&-7306.25&5984.5&-27482.0&-6147.5&14802.75&-514.5&-279.75&4636.75&-16697.5&20118.25&5286.75&-8584.75&-8003.75&2402.25&25930.25&9430.0&-2442.5&-6826.25&359.0&11508.25&-22688.0&-7474.25&-9382.75&12057.75\\\\-14297.0&12124.0&-3095.0&-14129.75&45634.5&8455.25&-3197.25&-13240.5&6153.25&2573.5&-6549.25&-898.5&936.75&37897.5&-11776.25&-13036.25&14196.25&-16982.75&-8006.5&12309.75&-30135.0&-15632.25&11555.75&-39500.5&-5512.25&18073.5&2111.25&6776.25&-1146.0&201903.5&-4529.0&14262.0&29029.0&-12274.0&-22204.5&4654.75&-11417.5&554.5&2741.25&26930.0&-22064.0&19440.0&24873.5&3058.5&-11475.75&-47756.5&-636.0&-13223.0&-23226.0&22482.0&7725.75&-7418.25&54379.0&29888.0&-21378.0&9072.75&-17378.5&538.25&13084.5&-21082.5&-8206.25&-1113.75&1447.5&-21885.0&28309.75&27213.75&2141.5&-32725.0&12286.0&19815.0&12629.5&603.75&-23045.75&13324.25&-34843.25&25026.5&-9335.25&-32055.25&29450.0&10905.0&-9374.75&20319.5&12661.0&-10864.25&-2564.5&-15142.75&5420.0&20273.5&-14238.25&-28966.75&10035.5&-14639.0&26202.5&19500.5&-230.5&-8648.0&17244.75&-7331.0&53839.5&-14899.0\\\\-4934.75&-1615.25&5769.5&-13160.5&5806.25&18345.0&7080.0&-3546.25&4295.0&-2884.5&11848.5&-252.5&-21872.0&310.25&762.25&5765.5&-15125.25&18443.25&-17492.0&-10188.75&15653.0&12532.0&493.25&-2569.75&-4588.0&4323.5&4740.5&27717.25&-1287.25&-4529.0&159464.5&12825.5&16636.25&-10706.25&-13887.25&4523.75&8659.25&-22567.75&-4773.0&4974.25&18483.75&19345.0&-23306.25&-36193.0&11898.75&4531.75&17435.5&3930.5&22655.5&-804.0&17976.5&-12511.5&-2993.5&-5716.5&-15362.0&-14915.0&-20226.0&-11858.5&-22341.25&5562.5&-2355.25&-24687.5&2162.75&16335.25&-7183.75&19958.25&5147.75&22201.0&-4657.75&5919.5&976.25&1219.75&8514.5&6356.75&8865.0&10509.25&-3956.75&3518.25&17822.25&-2935.75&885.75&-7777.25&-15979.5&11827.75&29286.75&-7366.0&-11298.25&-16404.75&-15285.5&-4460.25&18944.75&2356.25&-4379.0&14300.0&11764.0&14116.5&-9446.25&14126.5&19673.25&-20985.0\\\\13705.0&-18520.0&-2545.75&-16868.5&22012.25&-33148.5&13483.25&7746.0&7252.75&-46361.75&-8879.25&27265.5&19817.25&25411.5&-1289.5&5285.0&-15944.5&-26016.25&18638.25&13541.25&7916.0&25501.25&8640.25&-15906.75&24327.25&-24422.75&-9300.5&3322.5&4557.75&14262.0&12825.5&147393.75&18650.75&8050.25&-27005.0&-13378.75&-4512.5&25900.5&-16733.5&-16040.25&-17438.5&13079.5&-3988.0&14717.75&-3026.0&-9771.25&26956.5&8364.5&5112.75&-11884.5&-2536.75&-1974.75&-19745.25&500.5&-12433.5&-19580.25&-26615.25&32862.25&-9489.5&32010.75&-10737.25&18154.0&38552.0&-20474.0&-5187.5&-18757.0&-40.0&-7048.0&5412.5&1947.25&1279.75&23923.25&-1780.5&-506.25&21799.0&-10448.5&10134.5&-33606.5&11495.25&-7419.0&7147.5&13770.5&9475.25&-5750.25&16402.75&-21042.5&-14333.5&-10843.0&-1575.0&-9545.0&-26842.0&-4373.25&38.75&-173.75&1334.75&10607.25&6155.25&2122.75&-5113.0&8.0\\\\-13153.0&15184.25&8065.25&-9829.5&-1587.0&12367.0&-20311.25&-17657.75&-17039.75&-16669.0&11267.0&-3667.75&8234.25&-13741.25&-19419.75&2286.75&-3311.0&-9232.5&-5796.5&34601.5&12008.0&11095.25&-28737.0&-27579.0&-5628.25&-26964.0&-3485.75&12305.75&12502.75&29029.0&16636.25&18650.75&141037.75&-18080.75&14331.0&26528.0&-37513.25&-10093.25&-9300.0&12034.0&11546.75&17118.25&6048.75&2244.5&-18479.0&-20197.5&6724.0&5882.25&29754.5&16602.5&-4074.25&23868.75&43577.75&8325.0&-14725.25&-1226.5&-13799.5&-25936.25&-13405.25&-29002.0&-13250.75&-9833.25&11518.25&16791.5&-2846.75&18626.5&-9592.5&-17671.5&1850.75&16424.5&2039.0&-3259.0&-13259.75&-1823.75&37576.25&5889.0&7080.0&-27922.25&23019.5&33487.0&4727.75&-33472.5&7136.0&5424.75&1387.5&-30413.0&-22024.0&2503.25&4985.0&-12989.75&16731.5&-4609.75&506.25&2501.25&664.25&-6865.5&87.5&7714.75&-9208.75&-6621.5\\\\3057.25&-22000.25&-35673.5&23401.0&31248.5&-15865.25&-5193.25&3033.0&22851.25&18716.25&26739.25&-10207.25&28465.5&-10499.0&1077.0&-8086.75&-1974.25&-24709.25&3455.5&6283.75&-2482.5&-21867.75&-1390.25&-12548.0&1815.75&19471.75&-18399.75&-9736.5&-3659.25&-12274.0&-10706.25&8050.25&-18080.75&152404.25&-6534.25&-11474.5&13602.5&12467.0&2155.75&-8393.25&-16394.5&-3065.0&-8538.0&-11908.25&-7300.75&19365.5&38958.75&31430.0&-23518.75&3216.25&-7112.0&19155.0&-8494.0&-3064.75&-17735.75&-9580.5&-13077.5&-1189.5&-11170.5&-24534.75&-17703.75&7880.25&-7073.25&-19110.5&-11994.5&19994.0&17299.5&-15897.75&5061.0&-19703.5&4858.75&15490.0&-11724.0&-5024.25&-23439.25&4855.0&-16362.75&-46967.5&-37481.0&-19817.0&-23124.75&5731.75&1041.25&-14448.0&22957.5&-15976.5&13902.0&27335.25&11584.5&-44522.75&5277.75&-1868.75&-21513.0&-3468.75&-22285.75&4096.0&9005.5&38773.75&4662.0&-193.0\\\\21740.0&11570.75&7851.5&-18309.0&-21028.25&-19187.0&-14914.0&-26394.25&-18341.75&12363.5&14486.5&7613.0&-5852.75&13777.5&-22947.25&-2717.5&16493.5&12027.0&-2334.75&445.5&22733.75&-12004.25&-5506.5&1181.75&7950.5&6159.75&-1950.5&20914.5&-6857.5&-22204.5&-13887.25&-27005.0&14331.0&-6534.25&148082.5&22071.75&12756.25&-133.25&-2502.5&13672.5&1889.25&-6625.0&17634.25&-995.25&-13895.25&-2220.5&-20457.0&-2248.5&7221.5&1019.75&13346.75&21389.75&3075.5&29788.25&18736.75&-10895.5&2850.5&-23915.0&335.25&-8471.25&-8455.5&18486.0&-18792.0&-15749.0&-20278.5&12660.75&12757.25&-21057.0&2465.25&-22132.5&531.5&7953.5&-666.0&-8716.0&6527.0&-23651.25&1651.0&50318.75&26643.0&5227.75&-13582.0&-27245.0&-8972.75&-24739.5&37386.75&-6196.5&-23112.75&-7123.5&12920.0&4615.0&5424.5&3935.75&10024.0&-1537.25&-3328.75&-14503.25&-31935.25&17385.25&-10114.25&-20460.5\\\\-13091.75&-19733.25&19747.25&-22715.25&-19220.5&14973.25&5653.75&-17663.5&-4660.5&-2695.25&-9888.75&-5146.75&18503.75&-20488.5&-11486.25&16031.5&3932.25&-40757.5&1382.0&-5624.25&3506.0&1925.5&930.5&-10121.25&-824.0&10094.25&13440.0&19030.25&22989.25&4654.75&4523.75&-13378.75&26528.0&-11474.5&22071.75&153549.75&-3570.25&-10828.75&9411.75&41509.0&6672.25&924.0&-3532.25&13803.75&15191.5&9860.0&-6644.75&-38300.25&841.25&15972.75&-3872.25&-4550.5&-7160.75&2212.25&35443.5&1330.25&-18567.0&362.25&-21648.0&14265.25&-12454.75&13442.75&6546.75&28114.0&-16632.25&2086.75&5693.0&-18393.5&-29487.5&2065.25&-13963.25&-13212.75&-5916.25&26546.5&12854.5&30689.25&20781.75&-282.25&-15271.0&-15317.5&-3842.25&-30011.0&19255.5&-5413.5&-21072.25&3186.75&-17883.75&-20644.0&-11567.5&12028.75&2761.75&3286.0&23563.75&-20033.5&-3249.5&-10935.0&-20174.5&2371.5&-4160.25&-21013.5\\\\15519.0&-8041.25&11526.5&1639.75&4052.25&-18004.0&2591.25&2314.25&16953.0&10261.5&-9367.75&20428.5&6005.5&-5668.75&838.25&6336.5&14845.75&6568.75&10201.25&-13421.0&-5139.5&-1983.0&1249.0&2000.25&25106.75&42146.75&-6142.25&37445.5&-28461.25&-11417.5&8659.25&-4512.5&-37513.25&13602.5&12756.25&-3570.25&153265.75&16141.0&13608.0&-36558.5&-11105.5&-10110.0&-14414.0&31819.25&-17744.5&7695.0&9727.0&-15550.75&-18237.5&-8765.0&-22101.25&-19998.0&-16985.75&28084.5&-4249.0&-10266.0&19690.0&12830.0&10658.0&45057.25&4023.25&15622.0&-11510.25&-19478.25&4156.0&15154.0&-11637.0&-5081.25&-10707.5&-1063.75&-9180.25&264.5&-3258.0&-24130.0&10571.25&-5972.5&28245.25&-5901.0&4613.5&2506.5&9125.5&1360.75&42623.25&-21066.25&22168.5&-1878.25&-8558.75&-5374.0&7842.0&-19464.75&15180.5&29451.25&-12902.75&-3505.75&2777.25&3267.75&-411.75&-656.5&-6541.5&-23603.75\\\\22438.25&41618.25&-9711.25&29906.25&874.0&-26048.5&-7182.0&16480.75&3476.0&-38264.5&-6470.0&-12640.25&6593.75&33720.0&2580.5&19006.0&-30340.25&-18074.25&-1766.75&15234.25&-7899.75&-27183.25&18945.75&1833.75&4562.5&2503.25&-28827.75&-23444.75&15527.25&554.5&-22567.75&25900.5&-10093.25&12467.0&-133.25&-10828.75&16141.0&180293.5&15921.0&-6620.75&11039.25&-10141.0&-11603.0&33928.0&-11460.25&-7555.5&-39059.75&7258.0&-33842.0&22288.25&-2318.5&88.5&-20777.75&23692.75&-10467.5&-34936.5&-13786.25&-5729.25&-1626.5&-4455.0&-4875.25&-7878.75&37901.25&-5912.25&-7162.75&4133.75&-3570.75&-15735.25&20330.5&-1182.75&-30577.25&-7818.75&24742.25&-9636.5&-8205.0&5990.75&16776.75&-4831.0&22641.25&4407.5&-1782.0&20990.5&11979.25&-10439.75&14908.5&-19857.75&-4777.5&-12113.75&-21832.25&-4064.75&-29474.25&11357.75&620.0&17610.75&-14508.0&19243.25&44740.25&1362.5&-14659.75&21463.75\\\\2287.75&-16609.5&3334.0&-4821.25&-712.25&20593.25&1664.75&1994.0&-11085.0&3176.75&-35617.75&12931.75&-32832.75&15012.75&566.0&22035.5&-15956.25&-31258.0&-11471.0&11313.75&-638.0&1621.75&-7337.25&-6850.0&-19188.25&10508.0&-7781.25&-7693.25&1380.0&2741.25&-4773.0&-16733.5&-9300.0&2155.75&-2502.5&9411.75&13608.0&15921.0&145626.0&5072.0&-15041.0&1426.0&-15336.25&8936.5&5447.75&17400.0&-10057.75&5380.0&5111.25&17740.25&7511.0&-1683.0&-27459.25&-7758.0&-2135.5&4813.25&11833.75&-17891.25&-14190.25&-8188.0&3717.0&-6158.25&7208.25&22818.75&12359.0&-11151.75&-124.75&5017.25&-9935.25&12808.25&-3487.75&-23298.5&29379.75&-20172.25&16692.5&-16286.25&5476.0&-3678.25&-18400.5&-20326.0&-30742.25&-5143.25&7489.25&9650.0&16788.25&1437.0&-17893.0&-17546.5&-12889.5&1463.5&33078.75&-7342.5&3052.75&-12645.25&10086.75&-19265.25&-576.25&10401.5&-6362.0&19861.25\\\\19185.75&22776.5&35141.0&-14702.25&-3827.0&21724.75&5639.75&-51963.25&-35952.0&15854.25&11246.75&26116.25&-33929.0&-5782.5&-10610.25&-21507.75&32154.75&-28173.25&6650.25&29572.5&-18612.25&3943.0&27435.5&-10609.5&9248.0&-31418.5&4610.5&-39801.75&5228.25&26930.0&4974.25&-16040.25&12034.0&-8393.25&13672.5&41509.0&-36558.5&-6620.75&5072.0&152821.75&-700.0&34332.0&7083.5&-1330.75&24697.75&-28583.5&6555.5&-7550.5&-11099.75&-338.75&32344.0&-9758.75&13547.0&3967.5&28434.75&14565.25&-7555.5&26000.25&31108.5&-28490.0&-12547.75&4080.5&-31428.75&669.0&-11802.0&7060.25&48610.25&-14394.0&-5465.0&-3132.75&318.0&-7967.25&-6628.0&30533.5&6569.75&29274.5&-2845.25&20173.0&30067.5&-280.75&-17863.5&11690.0&13418.0&1812.5&7294.75&3394.25&14689.0&16684.5&-12121.5&3709.25&-27726.5&-557.75&24018.5&-12510.75&-11017.25&4675.0&-2883.75